[
  [28885,11988,31557,15459,37903,41888,18894,9209,20164,14134,9550,39688,45914,46344,42918,5238,36541,39541,19403,9767,35367,4989,15139,11576,30003,38460,43120,7743,22727,13384,38171,20374,41739,7484,1480,47108,648,5511,8702,35616,45932,18640,19596,34196,7856,3686,18119,40548,26642,35192,2046,40759,17398,21748,11411,30768,26536,38265,49833,19561,40699,43351,23431,37986,6876,15739,16028,32995,39152,24770,4858,27113,14435,33090,43691,30942,35414,22510,15317,30226,36886,13320,5986,20840,5956,7303,25996,11944,17084,49936,45896,41693,18908,14173,22612,49187,3285,26521,44621,39196],
  [1246,45288,18942,39705,19426,30744,13587,8874,20872,44665,21121,8119,2602,30296,47408,28878,10401,48964,8268,11306,38833,42996,30076,23713,16696,6779,12876,14406,25258,34584,3791,41503,44000,23945,26520,46498,14936,19746,43309,3271,47737,15175,30956,8945,49843,7437,21432,37589,16179,19238,35799,14135,24252,48623,10336,9020,1061,687,6332,19147,31068,47874,28759,47683,12259,4052,32426,34269,29953,47426,31179,30980,31942,21128,37045,28923,42772,32973,28729,30230,1258,39280,27154,38678,13959,47960,45057,31780,18163,17375,20624,41811,29656,46335,42658,38798,12403,1081,43652,15050],
  [33767,29518,21758,3683,26097,19673,35488,2783,48965,41648,18959,47384,25232,9549,31363,40598,35710,28696,1455,7166,24963,31260,42083,29665,43763,8656,24664,36885,8845,33634,38946,23255,31313,38444,33122,12275,19925,619,46101,19978,2391,24713,27945,43994,7964,27550,5794,11026,42583,23685,41874,2047,6561,27241,2283,33104,2063,36153,39530,47191,25035,47776,20759,46649,9967,12281,29069,511,32957,47125,25954,7655,42430,39066,8527,37353,48403,23111,36284,33262,39056,5015,38249,45607,40447,10674,34604,44594,11610,31023,19609,25186,48000,36022,20438,42316,36791,20815,34274,33878],
  [13375,6505,34543,13544,48191,30106,41937,38389,31700,33003,18209,22980,13091,37455,2285,45287,3126,2421,33285,25795,1682,32209,7560,38492,10964,25466,34764,4195,31603,18839,23014,21333,11090,17343,20826,47701,39688,9103,38582,49608,6018,34155,41909,11268,14234,40564,45878,19904,30626,40277,45504,36282,15000,40157,17267,12106,16617,23590,48180,47830,22077,1983,29515,45796,45149,6571,27489,7121,16114,40864,18668,48595,9925,5442,43855,28780,9130,10950,44160,49357,5327,2116,29674,28941,3285,41828,40219,45010,28778,36746,45196,37021,7480,41585,16746,46593,39598,44599,40978,43407],
  [11363,10083,790,32880,5243,1937,31536,23563,28298,17742,43262,11006,36678,43969,27853,17205,1056,17839,44259,46205,5978,7921,8952,5848,2377,29108,32599,10692,43868,25203,42156,40146,8680,16605,37131,40270,22099,34368,40475,33462,5885,44805,48190,45249,14703,8557,34516,24994,15050,20288,11188,45507,31531,14352,3880,1402,33861,34109,23117,39169,4683,37952,40522,12649,34598,7824,17395,39295,3494,40090,18731,45299,45200,36294,48677,35148,1898,40143,4864,34401,15616,10268,13152,18869,6366,42431,13813,9539,28669,11099,31040,3570,37304,31601,49775,46482,41517,46148,37636,28984],
  [20819,2405,23456,22010,8863,11269,6999,2613,19512,14772,18479,11426,27198,46848,17696,45356,40511,41410,40655,47856,6976,39526,13843,29728,31707,3086,3057,31115,41463,22051,25419,21410,32225,14823,29373,39637,39614,36534,2339,35702,40774,11037,23480,7122,44057,35206,4284,34453,37732,29690,21456,10937,14301,42430,16117,27143,13616,9248,14383,36976,5477,9419,6454,29631,49422,17401,32203,44017,44258,6729,708,31867,34244,10429,31489,3054,11262,17672,26506,17206,47753,24513,35903,15856,15547,6893,43696,13051,16654,36485,12557,41980,5041,39125,35736,33077,7499,12519,15370,6168],
  [3423,45914,45676,41856,6565,7500,12114,2489,40964,36047,40411,37024,31273,8889,37214,8079,32396,30530,18374,34398,2588,31286,33394,38438,40994,10608,29852,43438,1106,28305,31577,14837,32576,15271,21942,46289,28762,29460,36781,32816,42126,29420,29679,7851,47960,8292,40690,40871,33265,31091,49023,15397,12396,39583,15641,2056,23980,1380,21676,9429,35264,49051,26529,2941,1957,22977,45549,33162,21167,4182,25602,24113,45252,34314,6775,30365,23670,21041,11059,22909,29500,29801,30013,2909,7936,25231,11652,1134,39397,31147,25889,1624,12762,10769,43575,12515,33132,21158,33099,34493],
  [35847,43742,4252,3351,33062,1073,6271,26174,27021,40837,39624,46254,12294,47821,30828,7465,48874,19090,45348,47952,21725,1927,43505,42782,45258,28615,13991,26202,2468,1757,10069,1511,46742,24502,46622,9360,31630,44699,7392,26716,24609,24583,45843,41462,22839,19178,2417,5862,49506,14096,2042,39084,26453,8636,37304,10552,38608,8673,12667,36091,38246,20550,6513,20627,34173,43768,19673,7900,43897,49476,38901,43733,47707,6965,12136,13673,44853,39668,41449,47671,1338,27349,42058,20034,23148,9481,6039,17201,25977,45398,13383,33650,35287,10307,2732,23721,13003,48572,41482,29833],
  [35847,43742,4252,3351,33062,1073,6271,26174,27021,40837,39624,46254,12294,47821,30828,7465,48874,19090,45348,47952,21725,1927,43505,42782,45258,28615,13991,26202,2468,1757,10069,1511,46742,24502,46622,9360,31630,44699,7392,26716,24609,24583,45843,41462,22839,19178,2417,5862,49506,14096,2042,39084,26453,8636,37304,10552,38608,8673,12667,36091,38246,20550,6513,20627,34173,43768,19673,7900,43897,49476,38901,43733,47707,6965,12136,13673,44853,39668,41449,47671,1338,27349,42058,20034,23148,9481,6039,17201,25977,45398,13383,33650,35287,10307,2732,23721,13003,48572,41482,29833],
  [34719,22960,14551,26885,12187,4105,19998,25218,15766,3129,22383,44779,49293,4294,7241,42365,27129,21537,8958,42878,26047,37394,6385,22221,18048,12946,29956,46887,3683,2319,47498,42923,41456,21568,16057,44131,3048,36523,14693,17478,20630,45493,9683,40103,38781,9954,43800,22130,35135,40037,20831,6232,25803,37089,3151,4524,40780,21826,10122,32734,3785,1978,49078,48533,3420,42333,17961,17793,17184,7332,1877,21759,39059,47706,32546,40077,44387,18432,38095,2976,15610,19455,6889,12767,41819,14965,1588,537,21643,16648,27850,3345,30703,38000,16827,27987,33249,27199,47905,38667]
]